0000000000000000000000000000000000000001
0000000000000000000000001110100000000001
0000000000000000000000000000000000000001
0000000000001000000000001110100000000001
1111111111110010000001100010000000000001
0000000010001000000000001110001000000001
0000000010000001000010000010001001001001
0000000001111000000000001110001000000001
0000000010010001000010000010000000000001
1111111111110001000010000010000000100101
0000000010011000000000001110001000000001
0000000010011001000010000010000000001001
0000000000110001000010000010000000000001
1111111111110010000000000010000000100111
0000000000111000000000001110001000000001
1111111111101001000010000010000000000001
0000000000101000000000001110001000100111
0000000000000000000000000000000000000001
0000000001101000000000001110001000100111
0000000001111001000010000010000000001001
1111111111110010000000000010000000100110
0000000000111000000000001110001000100110
0000000001010001000111110010000000000001
0000000001000001000010000010001000000001
0000000000111001000110000010001000000001
0000000001111000000000001110001000000001
0000000000000010000001001010000000000001
0000000000000000000000000000000000000001
0000000001001000000000001110101000000001
0000000001011000000000001111001000000001
0000000001111001000010000010000000000001
1111111111110010000001000010001001001001
1111111111101001000010000010000000000001
1111111111110001000010000010000000100101
0000000000011000000000001110001000000001
0000000000011001000010000010000000001001
0000000000100001000010000010000000000001
1111111111111001000010000010001000100110
0000000000101000000000001110001000000001
0000000000101001000010000100000000000001
1111111111110010000000100010000000001001
0000000000111001000010000010000000000001
1111111111110010000000110010001000100011
0000000000111000000000001110001000000001
0000000001100001000010000010000000000001
1111111111111001000010000010001000100011
0000000001101000000000001110001000000001
1111111111101001000010000010000000000001
0000000000101000000000001110001000100011
1111111111110010000001010010000000000001
0000000001101001000010000010001001001001
1111111111110001000010000010000000000001
1111111111101001000010000010000000100110
0000000010100000000000001110001000000001
1111111111101001000010000010000000000001
0000000001101001000010000010000000100110
0000000001101000000000001110001000000001
0000000010100001000010000010000000001001
1111111111101001000010000010000000100110
0000000010011000000000001110001000100110
1111111111110010000000000010000000000001
1111111111110010000000010010001001001001
0000000000000000000000000000000000000001
1111111111101001000010000011000000001001
1111111111110001000010000010000000000001
0000000010011000000000001110001000100111
0000000000000000000000000000000000000001
0000000010011001000010000010000000001001
1111111111101001000010000010000000000001
0000000000000000000000000000000000000001
0000000001001000000000001110001000100111
0000000001011000000000001110001000100111
0000000001001000000000001100000000000001
0000000000000000000000000000000000000001
0000000000000000000000011010000100000001
1111111111100001000010000010000000000001
0000000000000000000000001010000100000001
1111111111100001000010000010001001000001
0000000001110000000000001110001000000001
0000000001011000000000001100000000000001
0000000001110111111111110010000000000001
1111111111100001000010000010001000000001
0000000001111000000000001110001000000001
0000000001111010000001100010000000000001
0000000000010000000000001110001000000001
0000000000000010000001110010000000000001
0000000010101000000000001110001000000001
0000000000000000000000000000000000000001
0000000000001010000010000010000000000001
0000000010110000000000001110001000000001
0000000000000000000000000000000000000001
0000000000010010000010010010000000000001
0000000010111000000000001110001000000001
0000000000000000000000000000000000000001
0000000010110010000010100010000000000001
0000000010111010000010110010001000000001
0000000011000000000000001110001000000001
0000000010101010000011000010000000000001
0000000010111010000011010010001000000001
0000000011001000000000001110001000000001
0000000011000010000011100010000000000001
0000000000000000000000000000000000000001
0000000011010000000000001110001000000001
0000000011000010000011110010000000000001
0000000000000000000000000000000000000001
0000000011011000000000001110001000000001
0000000011000010000100000010000000000001
0000000000000000000000000000000000000001
0000000011100000000000001110001000000001
0000000011000010000100010010000000000001
0000000000000000000000000000000000000001
0000000011101000000000001110001000000001
0000000011000010000100100010000000000001
0000000000000000000000000000000000000001
0000000011110000000000001110001000000001
0000000011000010000100110010000000000001
0000000000000000000000000000000000000001
0000000011111000000000001110001000000001
0000000011000010000101000010000000000001
0000000000000000000000000000000000000001
0000000100000000000000001110001000000001
0000000100100010000101010010000000000001
0000000100001001000010000010001000000001
0000000100010000000000001110001000000001
0000000100010001000010000010000001000001
0000000011011001000010000010001000000001
0000000100100010000101100010001001000001
0000000100011000000000001110001000000001
0000000100011010000101010010000000000001
0000000100100001000010000010001000000001
0000000100101000000000001110001000000001
0000000101001010000101110010000000000001
0000000100110001000010000010001000000001
0000000100111000000000001110001000000001
0000000100111001000010000010000001000001
0000000011100001000010000010001000000001
0000000101001010000110000010001001000001
0000000101000000000000001110001000000001
0000000101000010000101110010000000000001
0000000101001001000010000010001000000001
0000000101010000000000001110001000000001
0000000101110010000110010010000000000001
0000000101011001000010000010001000000001
0000000101100000000000001110001000000001
0000000101100001000010000010000001000001
0000000011101001000010000010001000000001
0000000101110010000110100010001001000001
0000000101101000000000001110001000000001
0000000101101010000110010010000000000001
0000000101110001000010000010001000000001
0000000101111000000000001110001000000001
0000000110011010000110110010000000000001
0000000110000001000010000010001000000001
0000000110001000000000001110001000000001
0000000110001001000010000010000001000001
0000000011110001000010000010001000000001
0000000110011010000111000010001001000001
0000000110010000000000001110001000000001
0000000110010010000110110010000000000001
0000000110011001000010000010001000000001
0000000110100000000000001110001000000001
0000000111000010000111010010000000000001
0000000110101001000010000010001000000001
0000000110110000000000001110001000000001
0000000110110001000010000010000001000001
0000000011111001000010000010001000000001
0000000111000010000111100010001001000001
0000000110111000000000001110001000000001
0000000110111010000111010010000000000001
0000000111000001000010000010001000000001
0000000111001000000000001110001000000001
0000000111101010000111110010000000000001
0000000111010001000010000010001000000001
0000000111011000000000001110001000000001
0000000111011001000010000010000001000001
0000000100000001000010000010001000000001
0000000111101010001000000010001001000001
0000000111100000000000001110001000000001
0000000111100010000111110010000000000001
0000000111101001000010000010001000000001
0000000111110000000000001110001000000001
0000001000010010001000010010000000000001
0000000111111001000010000010001000000001
0000001000000000000000001110001000000001
0000001000000001000010000010000001000001
0000000011010001000010000010001000000001
0000001000010010001000100010001001000001
0000001000001000000000001110001000000001
0000001000001010001000010010000000000001
0000001000010001000010000010001000000001
0000001000011000000000001110001000000001
1111111111110010010011100100000000000001
0000000111100000000000001100000000000001
0000000111100111111111110010000000000001
0000000000000000000000000000000000000001
0000001010000000000000001110001000000001
0000001010001000000000001111001000000001
0000000111100001000011000010000000000001
0000001010101000000000001110001000000001
0000001010101000000000001100000000000001
0000001010101111111111110010000000000001
0000001010101000000000001110001000000001
0000001010110001000010000010000000000001
0000001010110010010010110010001001000001
0000001010101010010010110010001000001001
0000001010111000000000001110001000000001
0000001000111001000010000010000000000001
0000001000111010010010110010001001000001
0000001010001010010010110010001000000001
0000001000101001000010000011010000000001
0000001000101010010010110010001001000001
0000001010000010010010110010001000000001
0000001000110000000000001110001000000001
1111111111101001000010000100001000000001
0000001001000000000000001111001000000001
0000001010111001000010000010000000000001
1111111111101001000010001000001000000001
1111111111101001000010001000010000100011
1111111111110001000010100010000000000001
0000000000000000000000000000000000000001
0000001011000000000000001111011000000001
0000001011000001000010000010001000000001
0000001010010000000000001110001000000001
0000000000000000000000000000000000000001
0000001010010000000000001111011000100011
0000001001011001000010000010000000001001
0000001001100000000000001110001000000001
0000001001001001000010000010000000000001
1111111111110010010011010010001001100111
0000001001010000000000001110001000000001
0000001010010001000010000010001001001001
0000001010010001000010000010000000000001
0000001001010000000000001110001000100111
1111111111110010010011000010000000000001
0000001001100000000000001110001000100111
0000000000000000000000000000000000000001
0000001001100001000010000010000000001001
1111111111111001000010000010001001000001
0000001001100000000000001110001000100110
0000001001010001000110100010000000000001
0000000000000000000000000000000000000001
0000001010011000000000001110001000000001
0000001010100000000000001111001000000001
0000001010011000000000001100000000000001
0000000000000000000000000000000000000001
0000000000000010001001001010000100000001
1111111111100001000010000010000000000001
0000000000000010001000111010000100000001
1111111111100001000010000010001001000001
0000001001101000000000001110001000000001
0000001010100000000000001100000000000001
0000001001101111111111110010000000000001
1111111111100001000010000010001000000001
0000001001111000000000001110001000000001
0000001001111000000000001100000000000001
0000000111100111111111110010000000000001
0000001000100000000000001110001000000001
1111111111110010011110100100000000000001
0000001000000000000000001100000000000001
0000001000000111111111110010000000000001
0000000000000000000000000000000000000001
0000001100101000000000001110001000000001
0000001100110000000000001111001000000001
0000001000000001000011000010000000000001
0000001101010000000000001110001000000001
0000001101010000000000001100000000000001
0000001101010111111111110010000000000001
0000001101010000000000001110001000000001
0000001101011001000010000010000000000001
0000001101011010011101110010001001000001
0000001101010010011101110010001000001001
0000001101100000000000001110001000000001
0000001011100001000010000010000000000001
0000001011100010011101110010001001000001
0000001100110010011101110010001000000001
0000001011010001000010000011010000000001
0000001011010010011101110010001001000001
0000001100101010011101110010001000000001
0000001011011000000000001110001000000001
1111111111101001000010000100001000000001
0000001011101000000000001111001000000001
0000001101100001000010000010000000000001
1111111111101001000010001000001000000001
1111111111101001000010001000010000100011
1111111111110001000010100010000000000001
0000000000000000000000000000000000000001
0000001101101000000000001111011000000001
0000001101101001000010000010001000000001
0000001100111000000000001110001000000001
0000000000000000000000000000000000000001
0000001100111000000000001111011000100011
0000001100000001000010000010000000001001
0000001100001000000000001110001000000001
0000001011110001000010000010000000000001
1111111111110010011110010010001001100111
0000001011111000000000001110001000000001
0000001100111001000010000010001001001001
0000001100111001000010000010000000000001
0000001011111000000000001110001000100111
1111111111110010011110000010000000000001
0000001100001000000000001110001000100111
0000000000000000000000000000000000000001
0000001100001001000010000010000000001001
1111111111111001000010000010001001000001
0000001100001000000000001110001000100110
0000001011111001000110100010000000000001
0000000000000000000000000000000000000001
0000001101000000000000001110001000000001
0000001101001000000000001111001000000001
0000001101000000000000001100000000000001
0000000000000000000000000000000000000001
0000000000000010010100001010000100000001
1111111111100001000010000010000000000001
0000000000000010010011111010000100000001
1111111111100001000010000010001001000001
0000001100010000000000001110001000000001
0000001101001000000000001100000000000001
0000001100010111111111110010000000000001
1111111111100001000010000010001000000001
0000001100100000000000001110001000000001
0000001100100000000000001100000000000001
0000001000000111111111110010000000000001
0000001011001000000000001110001000000001
1111111111110010101001100100000000000001
0000000100101000000000001100000000000001
0000000100101111111111110010000000000001
0000000000000000000000000000000000000001
0000001111010000000000001110001000000001
0000001111011000000000001111001000000001
0000000100101001000011000010000000000001
0000001111111000000000001110001000000001
0000001111111000000000001100000000000001
0000001111111111111111110010000000000001
0000001111111000000000001110001000000001
0000010000000001000010000010000000000001
0000010000000010101000110010001001000001
0000001111111010101000110010001000001001
0000010000001000000000001110001000000001
0000001110001001000010000010000000000001
0000001110001010101000110010001001000001
0000001111011010101000110010001000000001
0000001101111001000010000011010000000001
0000001101111010101000110010001001000001
0000001111010010101000110010001000000001
0000001110000000000000001110001000000001
1111111111101001000010000100001000000001
0000001110010000000000001111001000000001
0000010000001001000010000010000000000001
1111111111101001000010001000001000000001
1111111111101001000010001000010000100011
1111111111110001000010100010000000000001
0000000000000000000000000000000000000001
0000010000010000000000001111011000000001
0000010000010001000010000010001000000001
0000001111100000000000001110001000000001
0000000000000000000000000000000000000001
0000001111100000000000001111011000100011
0000001110101001000010000010000000001001
0000001110110000000000001110001000000001
0000001110011001000010000010000000000001
1111111111110010101001010010001001100111
0000001110100000000000001110001000000001
0000001111100001000010000010001001001001
0000001111100001000010000010000000000001
0000001110100000000000001110001000100111
1111111111110010101001000010000000000001
0000001110110000000000001110001000100111
0000000000000000000000000000000000000001
0000001110110001000010000010000000001001
1111111111111001000010000010001001000001
0000001110110000000000001110001000100110
0000001110100001000110100010000000000001
0000000000000000000000000000000000000001
0000001111101000000000001110001000000001
0000001111110000000000001111001000000001
0000001111101000000000001100000000000001
0000000000000000000000000000000000000001
0000000000000010011111001010000100000001
1111111111100001000010000010000000000001
0000000000000010011110111010000100000001
1111111111100001000010000010001001000001
0000001110111000000000001110001000000001
0000001111110000000000001100000000000001
0000001110111111111111110010000000000001
1111111111100001000010000010001000000001
0000001111001000000000001110001000000001
0000001111001000000000001100000000000001
0000000100101111111111110010000000000001
0000001101110000000000001110001000000001
1111111111110010110100100100000000000001
0000000101010000000000001100000000000001
0000000101010111111111110010000000000001
0000000000000000000000000000000000000001
0000010001111000000000001110001000000001
0000010010000000000000001111001000000001
0000000101010001000011000010000000000001
0000010010100000000000001110001000000001
0000010010100000000000001100000000000001
0000010010100111111111110010000000000001
0000010010100000000000001110001000000001
0000010010101001000010000010000000000001
0000010010101010110011110010001001000001
0000010010100010110011110010001000001001
0000010010110000000000001110001000000001
0000010000110001000010000010000000000001
0000010000110010110011110010001001000001
0000010010000010110011110010001000000001
0000010000100001000010000011010000000001
0000010000100010110011110010001001000001
0000010001111010110011110010001000000001
0000010000101000000000001110001000000001
1111111111101001000010000100001000000001
0000010000111000000000001111001000000001
0000010010110001000010000010000000000001
1111111111101001000010001000001000000001
1111111111101001000010001000010000100011
1111111111110001000010100010000000000001
0000000000000000000000000000000000000001
0000010010111000000000001111011000000001
0000010010111001000010000010001000000001
0000010010001000000000001110001000000001
0000000000000000000000000000000000000001
0000010010001000000000001111011000100011
0000010001010001000010000010000000001001
0000010001011000000000001110001000000001
0000010001000001000010000010000000000001
1111111111110010110100010010001001100111
0000010001001000000000001110001000000001
0000010010001001000010000010001001001001
0000010010001001000010000010000000000001
0000010001001000000000001110001000100111
1111111111110010110100000010000000000001
0000010001011000000000001110001000100111
0000000000000000000000000000000000000001
0000010001011001000010000010000000001001
1111111111111001000010000010001001000001
0000010001011000000000001110001000100110
0000010001001001000110100010000000000001
0000000000000000000000000000000000000001
0000010010010000000000001110001000000001
0000010010011000000000001111001000000001
0000010010010000000000001100000000000001
0000000000000000000000000000000000000001
0000000000000010101010001010000100000001
1111111111100001000010000010000000000001
0000000000000010101001111010000100000001
1111111111100001000010000010001001000001
0000010001100000000000001110001000000001
0000010010011000000000001100000000000001
0000010001100111111111110010000000000001
1111111111100001000010000010001000000001
0000010001110000000000001110001000000001
0000010001110000000000001100000000000001
0000000101010111111111110010000000000001
0000010000011000000000001110001000000001
1111111111110010111111100100000000000001
0000000101111000000000001100000000000001
0000000101111111111111110010000000000001
0000000000000000000000000000000000000001
0000010100100000000000001110001000000001
0000010100101000000000001111001000000001
0000000101111001000011000010000000000001
0000010101001000000000001110001000000001
0000010101001000000000001100000000000001
0000010101001111111111110010000000000001
0000010101001000000000001110001000000001
0000010101010001000010000010000000000001
0000010101010010111110110010001001000001
0000010101001010111110110010001000001001
0000010101011000000000001110001000000001
0000010011011001000010000010000000000001
0000010011011010111110110010001001000001
0000010100101010111110110010001000000001
0000010011001001000010000011010000000001
0000010011001010111110110010001001000001
0000010100100010111110110010001000000001
0000010011010000000000001110001000000001
1111111111101001000010000100001000000001
0000010011100000000000001111001000000001
0000010101011001000010000010000000000001
1111111111101001000010001000001000000001
1111111111101001000010001000010000100011
1111111111110001000010100010000000000001
0000000000000000000000000000000000000001
0000010101100000000000001111011000000001
0000010101100001000010000010001000000001
0000010100110000000000001110001000000001
0000000000000000000000000000000000000001
0000010100110000000000001111011000100011
0000010011111001000010000010000000001001
0000010100000000000000001110001000000001
0000010011101001000010000010000000000001
1111111111110010111111010010001001100111
0000010011110000000000001110001000000001
0000010100110001000010000010001001001001
0000010100110001000010000010000000000001
0000010011110000000000001110001000100111
1111111111110010111111000010000000000001
0000010100000000000000001110001000100111
0000000000000000000000000000000000000001
0000010100000001000010000010000000001001
1111111111111001000010000010001001000001
0000010100000000000000001110001000100110
0000010011110001000110100010000000000001
0000000000000000000000000000000000000001
0000010100111000000000001110001000000001
0000010101000000000000001111001000000001
0000010100111000000000001100000000000001
0000000000000000000000000000000000000001
0000000000000010110101001010000100000001
1111111111100001000010000010000000000001
0000000000000010110100111010000100000001
1111111111100001000010000010001001000001
0000010100001000000000001110001000000001
0000010101000000000000001100000000000001
0000010100001111111111110010000000000001
1111111111100001000010000010001000000001
0000010100011000000000001110001000000001
0000010100011000000000001100000000000001
0000000101111111111111110010000000000001
0000010011000000000000001110001000000001
1111111111110011001010100100000000000001
0000000110100000000000001100000000000001
0000000110100111111111110010000000000001
0000000000000000000000000000000000000001
0000010111001000000000001110001000000001
0000010111010000000000001111001000000001
0000000110100001000011000010000000000001
0000010111110000000000001110001000000001
0000010111110000000000001100000000000001
0000010111110111111111110010000000000001
0000010111110000000000001110001000000001
0000010111111001000010000010000000000001
0000010111111011001001110010001001000001
0000010111110011001001110010001000001001
0000011000000000000000001110001000000001
0000010110000001000010000010000000000001
0000010110000011001001110010001001000001
0000010111010011001001110010001000000001
0000010101110001000010000011010000000001
0000010101110011001001110010001001000001
0000010111001011001001110010001000000001
0000010101111000000000001110001000000001
1111111111101001000010000100001000000001
0000010110001000000000001111001000000001
0000011000000001000010000010000000000001
1111111111101001000010001000001000000001
1111111111101001000010001000010000100011
1111111111110001000010100010000000000001
0000000000000000000000000000000000000001
0000011000001000000000001111011000000001
0000011000001001000010000010001000000001
0000010111011000000000001110001000000001
0000000000000000000000000000000000000001
0000010111011000000000001111011000100011
0000010110100001000010000010000000001001
0000010110101000000000001110001000000001
0000010110010001000010000010000000000001
1111111111110011001010010010001001100111
0000010110011000000000001110001000000001
0000010111011001000010000010001001001001
0000010111011001000010000010000000000001
0000010110011000000000001110001000100111
1111111111110011001010000010000000000001
0000010110101000000000001110001000100111
0000000000000000000000000000000000000001
0000010110101001000010000010000000001001
1111111111111001000010000010001001000001
0000010110101000000000001110001000100110
0000010110011001000110100010000000000001
0000000000000000000000000000000000000001
0000010111100000000000001110001000000001
0000010111101000000000001111001000000001
0000010111100000000000001100000000000001
0000000000000000000000000000000000000001
0000000000000011000000001010000100000001
1111111111100001000010000010000000000001
0000000000000010111111111010000100000001
1111111111100001000010000010001001000001
0000010110110000000000001110001000000001
0000010111101000000000001100000000000001
0000010110110111111111110010000000000001
1111111111100001000010000010001000000001
0000010111000000000000001110001000000001
0000010111000000000000001100000000000001
0000000110100111111111110010000000000001
0000010101101000000000001110001000000001
1111111111110011010101100100000000000001
0000000111001000000000001100000000000001
0000000111001111111111110010000000000001
0000000000000000000000000000000000000001
0000011001110000000000001110001000000001
0000011001111000000000001111001000000001
0000000111001001000011000010000000000001
0000011010011000000000001110001000000001
0000011010011000000000001100000000000001
0000011010011111111111110010000000000001
0000011010011000000000001110001000000001
0000011010100001000010000010000000000001
0000011010100011010100110010001001000001
0000011010011011010100110010001000001001
0000011010101000000000001110001000000001
0000011000101001000010000010000000000001
0000011000101011010100110010001001000001
0000011001111011010100110010001000000001
0000011000011001000010000011010000000001
0000011000011011010100110010001001000001
0000011001110011010100110010001000000001
0000011000100000000000001110001000000001
1111111111101001000010000100001000000001
0000011000110000000000001111001000000001
0000011010101001000010000010000000000001
1111111111101001000010001000001000000001
1111111111101001000010001000010000100011
1111111111110001000010100010000000000001
0000000000000000000000000000000000000001
0000011010110000000000001111011000000001
0000011010110001000010000010001000000001
0000011010000000000000001110001000000001
0000000000000000000000000000000000000001
0000011010000000000000001111011000100011
0000011001001001000010000010000000001001
0000011001010000000000001110001000000001
0000011000111001000010000010000000000001
1111111111110011010101010010001001100111
0000011001000000000000001110001000000001
0000011010000001000010000010001001001001
0000011010000001000010000010000000000001
0000011001000000000000001110001000100111
1111111111110011010101000010000000000001
0000011001010000000000001110001000100111
0000000000000000000000000000000000000001
0000011001010001000010000010000000001001
1111111111111001000010000010001001000001
0000011001010000000000001110001000100110
0000011001000001000110100010000000000001
0000000000000000000000000000000000000001
0000011010001000000000001110001000000001
0000011010010000000000001111001000000001
0000011010001000000000001100000000000001
0000000000000000000000000000000000000001
0000000000000011001011001010000100000001
1111111111100001000010000010000000000001
0000000000000011001010111010000100000001
1111111111100001000010000010001001000001
0000011001011000000000001110001000000001
0000011010010000000000001100000000000001
0000011001011111111111110010000000000001
1111111111100001000010000010001000000001
0000011001101000000000001110001000000001
0000011001101000000000001100000000000001
0000000111001111111111110010000000000001
0000011000010000000000001110001000000001
0000001011001011010101110010000000000001
0000001101110011010110000010001000000001
0000010000011011010110010010001000000001
0000010011000011010110100010001000000001
0000010101101011010110110010001000000001
0000011000010011010111000010001000000001
0000001000100011010111010010001000000001
0000000000000000000000000000000000000001
0000011010111000000000001110001000000001
0000000011001011010111100010000000000001
0000011010111011010111110010001000000001
0000011011000000000000001110001000000001
0000000011001011010111100010000000000001
0000011010111011010111110010001000000001
0000011011001000000000001110001000000001
0000011011000011011000000010000000000001
0000011011010000000000001110001000000001
0000011011001011011000010010000000000001
0000011011011000000000001110001000000001
0000011011010001000010000010000000000001
1111111101101000000000000000001000000001
0000011011011001000010000010000000000001
1111111101110000000000000000001000000001
0000000000000000000000000000000000000001
0000000000000000000000000000000000000001
0000000000000000000000000000000000000001
0000000000000000000000000000000000000001
0000000000000000000000000000000000000001
0000000000000000000000000000000000000001
0000000000000000000000000000000000000001
0000000000000000000000000000000000000001
0000000000000000000000000000000000000001
0000000000000000000000000000000000000001
0000000000000000000000000000000000000001
0000000000000000000000000000000000000001
0000000000000000000000000000000000000001
0000000000000000000000000000000000000001
0000000000000000000000000000000000000001
0000000000000000000000000000000000000001
0000000000000000000000000000000000000001
0000000000000000000000000000000000000001
0000000000000000000000000000000000000001
0000000000000000000000000000000000000001
0000000000000000000000000000000000000001
0000000000000000000000000000000000000001
0000000000000000000000000000000000000001
0000000000000000000000000000000000000001
0000000000000000000000000000000000000001
0000000000000000000000000000000000000001
0000000000000000000000000000000000000001
0000000000000000000000000000000000000001
0000000000000000000000000000000000000001
0000000000000000000000000000000000000001
0000000000000000000000000000000000000001
0000000000000000000000000000000000000001
0000000000000000000000000000000000000001
0000000000000000000000000000000000000001
0000000000000000000000000000000000000001
0000000000000000000000000000000000000001
0000000000000000000000000000000000000001
0000000000000000000000000000000000000001
0000000000000000000000000000000000000001
0000000000000000000000000000000000000001
0000000000000000000000000000000000000001
0000000000000000000000000000000000000001
0000000000000000000000000000000000000001
0000000000000000000000000000000000000001
0000000000000000000000000000000000000001
0000000000000000000000000000000000000001
0000000000000000000000000000000000000001
0000000000000000000000000000000000000001
0000000000000000000000000000000000000001
0000000000000000000000000000000000000001
0000000000000000000000000000000000000001
0000000000000000000000000000000000000001
0000000000000000000000000000000000000001
0000000000000000000000000000000000000001
0000000000000000000000000000000000000001
0000000000000000000000000000000000000001
0000000000000000000000000000000000000001
0000000000000000000000000000000000000001
0000000000000000000000000000000000000001
0000000000000000000000000000000000000001
0000000000000000000000000000000000000001
0000000000000000000000000000000000000001
0000000000000000000000000000000000000001
0000000000000000000000000000000000000001
0000000000000000000000000000000000000001
0000000000000000000000000000000000000001
0000000000000000000000000000000000000001
0000000000000000000000000000000000000001
0000000000000000000000000000000000000001
0000000000000000000000000000000000000001
0000000000000000000000000000000000000001
0000000000000000000000000000000000000001
0000000000000000000000000000000000000001
0000000000000000000000000000000000000001
0000000000000000000000000000000000000001
0000000000000000000000000000000000000001
0000000000000000000000000000000000000001
0000000000000000000000000000000000000001
0000000000000000000000000000000000000001
0000000000000000000000000000000000000001
0000000000000000000000000000000000000001
0000000000000000000000000000000000000001
0000000000000000000000000000000000000001
0000000000000000000000000000000000000001
0000000000000000000000000000000000000001
0000000000000000000000000000000000000001
0000000000000000000000000000000000000001
0000000000000000000000000000000000000001
0000000000000000000000000000000000000001
0000000000000000000000000000000000000001
0000000000000000000000000000000000000001
0000000000000000000000000000000000000001
0000000000000000000000000000000000000001
0000000000000000000000000000000000000001
0000000000000000000000000000000000000001
0000000000000000000000000000000000000001
0000000000000000000000000000000000000001
0000000000000000000000000000000000000001
0000000000000000000000000000000000000001
0000000000000000000000000000000000000001
0000000000000000000000000000000000000001
0000000000000000000000000000000000000001
0000000000000000000000000000000000000001
0000000000000000000000000000000000000001
0000000000000000000000000000000000000001
0000000000000000000000000000000000000001
0000000000000000000000000000000000000001
0000000000000000000000000000000000000001
0000000000000000000000000000000000000001
0000000000000000000000000000000000000001
0000000000000000000000000000000000000001
0000000000000000000000000000000000000001
0000000000000000000000000000000000000001
0000000000000000000000000000000000000001
0000000000000000000000000000000000000001
0000000000000000000000000000000000000001
0000000000000000000000000000000000000001
0000000000000000000000000000000000000001
0000000000000000000000000000000000000001
0000000000000000000000000000000000000001
0000000000000000000000000000000000000001
0000000000000000000000000000000000000001
0000000000000000000000000000000000000001
0000000000000000000000000000000000000001
0000000000000000000000000000000000000001
0000000000000000000000000000000000000001
0000000000000000000000000000000000000001
0000000000000000000000000000000000000001
0000000000000000000000000000000000000001
0000000000000000000000000000000000000001
0000000000000000000000000000000000000001
0000000000000000000000000000000000000001
0000000000000000000000000000000000000001
0000000000000000000000000000000000000001
0000000000000000000000000000000000000001
0000000000000000000000000000000000000001
0000000000000000000000000000000000000001
0000000000000000000000000000000000000001
0000000000000000000000000000000000000001
0000000000000000000000000000000000000001
0000000000000000000000000000000000000001
0000000000000000000000000000000000000001
0000000000000000000000000000000000000001
0000000000000000000000000000000000000001
0000000000000000000000000000000000000001
0000000000000000000000000000000000000001
0000000000000000000000000000000000000001
0000000000000000000000000000000000000001
0000000000000000000000000000000000000001
0000000000000000000000000000000000000001
0000000000000000000000000000000000000001
0000000000000000000000000000000000000001
0000000000000000000000000000000000000001
0000000000000000000000000000000000000001
0000000000000000000000000000000000000001
0000000000000000000000000000000000000001
0000000000000000000000000000000000000001
0000000000000000000000000000000000000001
0000000000000000000000000000000000000001
0000000000000000000000000000000000000001
0000000000000000000000000000000000000001
0000000000000000000000000000000000000001
0000000000000000000000000000000000000001
0000000000000000000000000000000000000001
0000000000000000000000000000000000000001
0000000000000000000000000000000000000001
0000000000000000000000000000000000000001
0000000000000000000000000000000000000001
0000000000000000000000000000000000000001
0000000000000000000000000000000000000001
0000000000000000000000000000000000000001
0000000000000000000000000000000000000001
0000000000000000000000000000000000000001
0000000000000000000000000000000000000001
0000000000000000000000000000000000000001
0000000000000000000000000000000000000001
0000000000000000000000000000000000000001
0000000000000000000000000000000000000001
0000000000000000000000000000000000000001
0000000000000000000000000000000000000001
0000000000000000000000000000000000000001
0000000000000000000000000000000000000001
0000000000000000000000000000000000000001
0000000000000000000000000000000000000001
0000000000000000000000000000000000000001
0000000000000000000000000000000000000001
0000000000000000000000000000000000000001
0000000000000000000000000000000000000001
0000000000000000000000000000000000000001
0000000000000000000000000000000000000001
0000000000000000000000000000000000000001
0000000000000000000000000000000000000001
0000000000000000000000000000000000000001
0000000000000000000000000000000000000001
0000000000000000000000000000000000000001
0000000000000000000000000000000000000001
0000000000000000000000000000000000000001
0000000000000000000000000000000000000001
0000000000000000000000000000000000000001
0000000000000000000000000000000000000001
0000000000000000000000000000000000000001
0000000000000000000000000000000000000001
0000000000000000000000000000000000000001
0000000000000000000000000000000000000001
0000000000000000000000000000000000000001
0000000000000000000000000000000000000001
0000000000000000000000000000000000000001
0000000000000000000000000000000000000001
0000000000000000000000000000000000000001
0000000000000000000000000000000000000001
0000000000000000000000000000000000000001
0000000000000000000000000000000000000001
0000000000000000000000000000000000000001
0000000000000000000000000000000000000001
0000000000000000000000000000000000000001
0000000000000000000000000000000000000001
0000000000000000000000000000000000000001
0000000000000000000000000000000000000001
0000000000000000000000000000000000000001
0000000000000000000000000000000000000001
0000000000000000000000000000000000000001
0000000000000000000000000000000000000001
0000000000000000000000000000000000000001
0000000000000000000000000000000000000001
0000000000000000000000000000000000000001
0000000000000000000000000000000000000001
0000000000000000000000000000000000000001
0000000000000000000000000000000000000001
0000000000000000000000000000000000000001
0000000000000000000000000000000000000001
0000000000000000000000000000000000000001
0000000000000000000000000000000000000001
0000000000000000000000000000000000000001
0000000000000000000000000000000000000001
0000000000000000000000000000000000000001
0000000000000000000000000000000000000001
0000000000000000000000000000000000000001
0000000000000000000000000000000000000001
0000000000000000000000000000000000000001
0000000000000000000000000000000000000001
0000000000000000000000000000000000000001
0000000000000000000000000000000000000001
0000000000000000000000000000000000000001
0000000000000000000000000000000000000001
0000000000000000000000000000000000000001
0000000000000000000000000000000000000001
0000000000000000000000000000000000000001
0000000000000000000000000000000000000001
0000000000000000000000000000000000000001
0000000000000000000000000000000000000001
0000000000000000000000000000000000000001
0000000000000000000000000000000000000001
0000000000000000000000000000000000000001
0000000000000000000000000000000000000001
0000000000000000000000000000000000000001
0000000000000000000000000000000000000001
0000000000000000000000000000000000000001
0000000000000000000000000000000000000001
0000000000000000000000000000000000000001
0000000000000000000000000000000000000001
0000000000000000000000000000000000000001
0000000000000000000000000000000000000001
0000000000000000000000000000000000000001
0000000000000000000000000000000000000001
0000000000000000000000000000000000000001
0000000000000000000000000000000000000001
0000000000000000000000000000000000000001
0000000000000000000000000000000000000001
0000000000000000000000000000000000000001
0000000000000000000000000000000000000001
0000000000000000000000000000000000000001
0000000000000000000000000000000000000001
0000000000000000000000000000000000000001
0000000000000000000000000000000000000001
0000000000000000000000000000000000000001
0000000000000000000000000000000000000001
0000000000000000000000000000000000000001
0000000000000000000000000000000000000001
0000000000000000000000000000000000000001
0000000000000000000000000000000000000001
0000000000000000000000000000000000000001
0000000000000000000000000000000000000001
0000000000000000000000000000000000000001
0000000000000000000000000000000000000001
0000000000000000000000000000000000000001
0000000000000000000000000000000000000001
0000000000000000000000000000000000000001
0000000000000000000000000000000000000001
0000000000000000000000000000000000000001
0000000000000000000000000000000000000001
0000000000000000000000000000000000000001
0000000000000000000000000000000000000001
0000000000000000000000000000000000000001
0000000000000000000000000000000000000001
0000000000000000000000000000000000000001
0000000000000000000000000000000000000001
0000000000000000000000000000000000000001
0000000000000000000000000000000000000001
0000000000000000000000000000000000000001
0000000000000000000000000000000000000001
0000000000000000000000000000000000000001
0000000000000000000000000000000000000001
0000000000000000000000000000000000000001
0000000000000000000000000000000000000001
0000000000000000000000000000000000000001
0000000000000000000000000000000000000001
0000000000000000000000000000000000000001
0000000000000000000000000000000000000001
0000000000000000000000000000000000000001
0000000000000000000000000000000000000001
0000000000000000000000000000000000000001
0000000000000000000000000000000000000001
0000000000000000000000000000000000000001
0000000000000000000000000000000000000001
0000000000000000000000000000000000000001
0000000000000000000000000000000000000001
0000000000000000000000000000000000000001
0000000000000000000000000000000000000001
0000000000000000000000000000000000000001
0000000000000000000000000000000000000001
0000000000000000000000000000000000000001
0000000000000000000000000000000000000001
0000000000000000000000000000000000000001
0000000000000000000000000000000000000001
0000000000000000000000000000000000000001
0000000000000000000000000000000000000001
0000000000000000000000000000000000000001
0000000000000000000000000000000000000001
0000000000000000000000000000000000000001
0000000000000000000000000000000000000001
0000000000000000000000000000000000000001
0000000000000000000000000000000000000001
0000000000000000000000000000000000000001
0000000000000000000000000000000000000001
0000000000000000000000000000000000000001
0000000000000000000000000000000000000001
0000000000000000000000000000000000000001
0000000000000000000000000000000000000001
0000000000000000000000000000000000000001
0000000000000000000000000000000000000001
0000000000000000000000000000000000000001
0000000000000000000000000000000000000001
0000000000000000000000000000000000000001
0000000000000000000000000000000000000001
0000000000000000000000000000000000000001
0000000000000000000000000000000000000001
0000000000000000000000000000000000000001
0000000000000000000000000000000000000001
