0000000000000000000000000000000000000000
1001000111000000000000000000000000000000
1001001001101000000000000000000000000000
1001001001011000000000000000000000000000
1001001010101000000000000000000000000000
1001001010111000000000000000000000000000
1111111111101001000010000010000000000000
1001001001110000000000000000000000000000
1001001100000000000000000000000000000000
0000000000000000000000000000000000000000
0000000000000000000000000000000000000000
1001000111010000000011000000000000000000
1001000001100000000000001110001000000000
0000000000000000000000000000000000000000
0000000000000000000000000000000000000000
0000000000000000000000000000000000000000
0000000000000000000000000000000000000000
1111111111010000000001110010000000001000
1111111111011001000010100010000000000000
0000000000000000000000001110001000000000
0000000000000000000001101010000000000000
1111111111000000000000001100000000000000
0000000000001011111111110100000000000000
1001000110000000001001010000000000100111
0000000000000000000000000000000000000000
0000000000000000000010000100010001000000
1001001100000000000001110000000000000000
0000000000000000000000001110010000000000
0000000000000000000000001100000000000000
1001001000000000000000000000000000000000
1001000111010000001000010000000000000000
1111111111010000000000010010000000000000
1111111110110000000000010000001100000000
0000000000001001110111100000000000000000
1001001000010000000000000000000000000000
1111111111101000000000000010000000000000
1111111110110000000001110000001000000000
1000000000101001000010000010000000000000
0000000000010000000000001110001000000000
1000000000111001000010000010000000000000
0000000000100000000000001110001000000000
0000000000010000000000001100000000000000
0000000000011001000010000010000000000000
0000000010010000000000001110001000000000
1111111110110000000011100000001000000000
1111111110110000000011110001001000000000
0000000000011011111111110010000000000000
0000000001110000000000001110001000000000
0000000010000000000000001111001000000000
0000000001011001000010000010000000000000
0000000001010000000010010010001001000000
0000000010000000000010010010001000000000
0000000000111001000010000011010000000000
0000000000110000000010010010001001000000
0000000001110000000010010010001000000000
0000000001000000000000001110001000000000
0000000001100000000000001111001000000000
1111111110110000000011000000001000000000
1111111110110000000011010001001000000000
0000000000100000000000001100000000000000
0000000000101001000010000010000000000000
0000000011100000000000001110001000000000
1111111110110000000101010000001000000000
1111111110110000000101100001001000000000
0000000000101011111111110010000000000000
0000000001110000000000001110001000000000
0000000010000000000000001111001000000000
0000000011001001000010000010000000000000
0000000011000000000100000010001001000000
0000000010000000000100000010001000000000
0000000010101001000010000011010000000000
0000000010100000000100000010001001000000
0000000001110000000100000010001000000000
0000000010110000000000001110001000000000
0000000011010000000000001111001000000000
1111111110110000000100110000001000000000
1111111110110000000101000001001000000000
1111111111010000000101110010000000000000
1111111111010000000110010010001001001000
0000000000000000000000000000000000000000
0111111111110000000000001111000000000000
1111111111010000000110010010000000000000
1111111111010000000110000010001000110111
1111111111010000000110000010001001110101
1111111110110000000110010000001000000000
0111111111111001000010000010000000000000
1111111111010000000110000100000000001000
1111111111010000000101110110000000000000
1111111110110000000110010000011000100011
0000000010010000000110010010000000000000
0000000011110000000000001110001000000000
0000000011100000000110010010000000000000
0000000100000000000000001110001000000000
0000000011111001000010000010000000000000
1000010010000000000000001110001000000000
0000000100001001000010000010000000000000
1000010010010000000000001110001000000000
0000000000000000000000000000000000000000
1001000001100000000000000000000000000000
0000000000000000000000000000000000000000
1001000110000000000011100000000000000000
0000000000000000000000000000000000000000
0000000000000000000000000000000000000000
